0.55000000000000004 0.0032000000000000002
0.65000000000000002 0.16639999999999999
0.75 0.33279999999999998
0.84999999999999998 0.83199999999999996
0.94999999999999996 1.4976
1.05 1.4976
1.1500000000000001 1.4976
1.2500000000000002 1.4976
1.3500000000000003 1.4976
1.4500000000000004 1.5808
1.5500000000000005 1.4976
1.6500000000000006 1.4976
1.7500000000000007 1.4976
1.8500000000000008 1.4976
1.9500000000000008 1.4976
2.0500000000000007 0.74880000000000002
2.1500000000000008 0.0
2.2500000000000009 0.083199999999999996
2.350000000000001 1.5808
2.4500000000000011 0.33279999999999998
2.5500000000000012 0.49919999999999998
2.6500000000000012 0.58240000000000003
2.7500000000000013 0.74880000000000002
2.8500000000000014 0.83199999999999996
2.9500000000000015 0.99839999999999995
3.0500000000000016 0.99839999999999995
3.1500000000000017 1.4976
3.2500000000000018 1.4976
3.3500000000000019 1.4976
3.450000000000002 1.5808
3.550000000000002 1.4976
3.6500000000000021 1.4976
3.7500000000000022 1.4976
3.8500000000000023 1.4976
3.9500000000000024 1.4976
4.0500000000000025 1.4976
4.1500000000000021 1.4976
4.2500000000000018 1.4976
4.3500000000000014 1.4976
4.4500000000000011 1.4976
4.5500000000000007 1.4976
4.6500000000000004 1.4976
4.75 1.4976
4.8499999999999996 1.4976
4.9499999999999993 1.4976
