0.5 2120
0.59999999999999998 4160
0.69999999999999996 7280
0.79999999999999993 4160
0.89999999999999991 3120
0.99999999999999989 2080
1.0999999999999999 0
1.2 1040
1.3 4160
1.4000000000000001 3120
1.5000000000000002 4160
1.6000000000000003 1040
1.7000000000000004 4160
1.8000000000000005 3120
1.9000000000000006 3120
2.0000000000000004 4160
2.1000000000000005 1040
2.2000000000000006 4160
2.3000000000000007 3120
2.4000000000000008 4160
2.5000000000000009 3120
2.600000000000001 4160
2.7000000000000011 4160
2.8000000000000012 0
2.9000000000000012 0
3.0000000000000013 0
3.1000000000000014 0
3.2000000000000015 0
3.3000000000000016 0
3.4000000000000017 0
3.5000000000000018 0
3.6000000000000019 0
3.700000000000002 0
3.800000000000002 0
3.9000000000000021 0
4.0000000000000018 0
4.1000000000000014 0
4.2000000000000011 0
4.3000000000000007 0
4.4000000000000004 0
4.5 0
4.5999999999999996 0
4.6999999999999993 0
4.7999999999999989 0
4.8999999999999986 0
4.9999999999999982 0
