0.5 0.1696
0.59999999999999998 0.33279999999999998
0.69999999999999996 0.58240000000000003
0.79999999999999993 0.33279999999999998
0.89999999999999991 0.24959999999999999
0.99999999999999989 0.16639999999999999
1.0999999999999999 0.0032000000000000002
1.2 0.24959999999999999
1.3 0.66559999999999997
1.4000000000000001 0.66559999999999997
1.5000000000000002 0.91520000000000001
1.6000000000000003 0.99839999999999995
1.7000000000000004 1.0815999999999999
1.8000000000000005 0.99839999999999995
1.9000000000000006 0.91520000000000001
2.0000000000000004 1.0815999999999999
2.1000000000000005 0.91520000000000001
2.2000000000000006 1.0815999999999999
2.3000000000000007 0.91520000000000001
2.4000000000000008 1.0815999999999999
2.5000000000000009 0.91520000000000001
2.600000000000001 0.99839999999999995
2.7000000000000011 1.0815999999999999
2.8000000000000012 0.91520000000000001
2.9000000000000012 0.99839999999999995
3.0000000000000013 0.99839999999999995
3.1000000000000014 0.99839999999999995
3.2000000000000015 0.99839999999999995
3.3000000000000016 0.99839999999999995
3.4000000000000017 0.24959999999999999
3.5000000000000018 0.0
3.6000000000000019 0.0
3.700000000000002 0.1696
3.800000000000002 0.41599999999999998
3.9000000000000021 0.083199999999999996
4.0000000000000018 0.0
4.1000000000000014 0.0
4.2000000000000011 0.0
4.3000000000000007 0.0
4.4000000000000004 0.0
4.5 0.0
4.5999999999999996 0.0
4.6999999999999993 0.0
4.7999999999999989 0.0
4.8999999999999986 0.0
4.9999999999999982 0.0
