0.5 2120
0.59999999999999998 4160
0.69999999999999996 7280
0.79999999999999993 4160
0.89999999999999991 3120
0.99999999999999989 2080
1.0999999999999999 40
1.2 3120
1.3 8320
1.4000000000000001 8320
1.5000000000000002 11440
1.6000000000000003 12480
1.7000000000000004 13520
1.8000000000000005 12480
1.9000000000000006 11440
2.0000000000000004 13520
2.1000000000000005 11440
2.2000000000000006 13520
2.3000000000000007 11440
2.4000000000000008 13520
2.5000000000000009 11440
2.600000000000001 12480
2.7000000000000011 13520
2.8000000000000012 11440
2.9000000000000012 12480
3.0000000000000013 12480
3.1000000000000014 12480
3.2000000000000015 12480
3.3000000000000016 12480
3.4000000000000017 3120
3.5000000000000018 0
3.6000000000000019 0
3.700000000000002 2120
3.800000000000002 5200
3.9000000000000021 1040
4.0000000000000018 0
4.1000000000000014 0
4.2000000000000011 0
4.3000000000000007 0
4.4000000000000004 0
4.5 0
4.5999999999999996 0
4.6999999999999993 0
4.7999999999999989 0
4.8999999999999986 0
4.9999999999999982 0
