0.5 0
0.59999999999999998 0
0.69999999999999996 0
0.79999999999999993 0
0.89999999999999991 0
0.99999999999999989 0
1.0999999999999999 40
1.2 2080
1.3 4160
1.4000000000000001 5200
1.5000000000000002 7280
1.6000000000000003 11440
1.7000000000000004 9360
1.8000000000000005 9360
1.9000000000000006 8320
2.0000000000000004 9360
2.1000000000000005 10400
2.2000000000000006 9360
2.3000000000000007 8320
2.4000000000000008 9360
2.5000000000000009 8320
2.600000000000001 8320
2.7000000000000011 9360
2.8000000000000012 11440
2.9000000000000012 12480
3.0000000000000013 12480
3.1000000000000014 12480
3.2000000000000015 12480
3.3000000000000016 12480
3.4000000000000017 3120
3.5000000000000018 0
3.6000000000000019 0
3.700000000000002 0
3.800000000000002 0
3.9000000000000021 0
4.0000000000000018 0
4.1000000000000014 0
4.2000000000000011 0
4.3000000000000007 0
4.4000000000000004 0
4.5 0
4.5999999999999996 0
4.6999999999999993 0
4.7999999999999989 0
4.8999999999999986 0
4.9999999999999982 0
